
 ****************************** 
Trace Input 
------------ 
'me' --> 'Input' 
'Tarif' --> 'G' 
'Econ' --> 'iTech' 
'Demo' --> 'CH' 
'Param' --> {'fI': 0.025, 'Tariff': 'G', 'Eco': 'iTech', 'g': '0', 'x': '20', 's': '110', 'fB': '0', 'fM': '1', 'g2': 1, 'deltaxy': -3, 'b': '20', 'fLevel': 1.0} 
'strInp' --> 'G;iTech;g=0;x=20;s=110;fB=0;fM=1' 
------------ 
Trace Output 
------------ 
'me' --> 'Output' 
'strHelloQx' --> 'Hello QX' 
'dDK' --> array([0.        , 0.        , 0.        , 0.        , 0.        ,
       0.        , 0.        , 0.        , 0.        , 0.        ,
       0.        , 0.        , 0.        , 0.        , 0.        ,
       0.        , 0.        , 0.        , 0.        , 0.        ,
       0.00929352, 0.00952732, 0.00976713, 0.01001309, 0.01026539,
       0.0105242 , 0.01078971, 0.01106211, 0.01134159, 0.01162837,
       0.01192265, 0.01222467, 0.01253465, 0.01285284, 0.01317949,
       0.01351487, 0.01385926, 0.01421296, 0.01457626, 0.01494949,
       0.015333  , 0.01572713, 0.01613228, 0.01654885, 0.01697725,
       0.01741795, 0.01787142, 0.01833819, 0.01881879, 0.01931382,
       0.01982391, 0.02034973, 0.02089201, 0.02145154, 0.02202918,
       0.02262583, 0.02324249, 0.02388027, 0.02454032, 0.02522396,
       0.02593259, 0.02666776, 0.02743117, 0.0282247 , 0.02905041,
       0.0299106 , 0.03080778, 0.03174479, 0.03272473, 0.03375111,
       0.03482782, 0.03595922, 0.03715023, 0.03840635, 0.03973382,
       0.04113969, 0.04263195, 0.04421968, 0.04591326, 0.04772456,
       0.04966718, 0.05175682, 0.0540116 , 0.05645255, 0.05910414,
       0.06199498, 0.06515869, 0.0686349 , 0.07247057, 0.07672168,
       0.08145527, 0.08675208, 0.09271   , 0.09944847, 0.10711419,
       0.11588877, 0.12599872, 0.13772899, 0.15144125, 0.16759902,
       0.18680247, 0.2098373 , 0.23774443, 0.27192052, 0.31426562,
       0.36740317, 0.43501426, 0.52235484, 0.63707338, 0.79053264,
       1.        , 0.        , 0.        , 0.        , 0.        ,
       0.        , 0.        , 0.        , 0.        , 0.        ,
       0.        ]) 
'dDKPer' --> array([0.00929352, 0.00952732, 0.00976713, 0.01001309, 0.01026539,
       0.0105242 , 0.01078971, 0.01106211, 0.01134159, 0.01162837,
       0.01192265, 0.01222467, 0.01253465, 0.01285284, 0.01317949,
       0.01351487, 0.01385926, 0.01421296, 0.01457626, 0.01494949,
       0.015333  , 0.01572713, 0.01613228, 0.01654885, 0.01697725,
       0.01741795, 0.01787142, 0.01833819, 0.01881879, 0.01931382,
       0.01982391, 0.02034973, 0.02089201, 0.02145154, 0.02202918,
       0.02262583, 0.02324249, 0.02388027, 0.02454032, 0.02522396,
       0.02593259, 0.02666776, 0.02743117, 0.0282247 , 0.02905041,
       0.0299106 , 0.03080778, 0.03174479, 0.03272473, 0.03375111,
       0.03482782, 0.03595922, 0.03715023, 0.03840635, 0.03973382,
       0.04113969, 0.04263195, 0.04421968, 0.04591326, 0.04772456,
       0.04966718, 0.05175682, 0.0540116 , 0.05645255, 0.05910414,
       0.06199498, 0.06515869, 0.0686349 , 0.07247057, 0.07672168,
       0.08145527, 0.08675208, 0.09271   , 0.09944847, 0.10711419,
       0.11588877, 0.12599872, 0.13772899, 0.15144125, 0.16759902,
       0.18680247, 0.2098373 , 0.23774443, 0.27192052, 0.31426562,
       0.36740317, 0.43501426, 0.52235484, 0.63707338, 0.79053264,
       0.        , 0.        , 0.        , 0.        , 0.        ,
       0.        , 0.        , 0.        , 0.        , 0.        ,
       0.        , 0.        , 0.        , 0.        , 0.        ,
       0.        , 0.        , 0.        , 0.        , 0.        ,
       0.        , 0.        , 0.        , 0.        , 0.        ,
       0.        , 0.        , 0.        , 0.        , 0.        ,
       0.        ]) 
'dCF' --> array([0.        , 0.        , 0.        , 0.        , 0.        ,
       0.        , 0.        , 0.        , 0.        , 0.        ,
       0.        , 0.        , 0.        , 0.        , 0.        ,
       0.        , 0.        , 0.        , 0.        , 0.        ,
       0.        , 0.        , 0.        , 0.        , 0.        ,
       0.        , 0.        , 0.        , 0.        , 0.        ,
       0.        , 0.        , 0.        , 0.        , 0.        ,
       0.        , 0.        , 0.        , 0.        , 0.        ,
       0.        , 0.        , 0.        , 0.        , 0.        ,
       0.        , 0.        , 0.        , 0.        , 0.        ,
       0.        , 0.        , 0.        , 0.        , 0.        ,
       0.        , 0.        , 0.        , 0.        , 0.        ,
       0.        , 0.        , 0.        , 0.        , 0.        ,
       0.        , 0.        , 0.        , 0.        , 0.        ,
       0.        , 0.        , 0.        , 0.        , 0.        ,
       0.        , 0.        , 0.        , 0.        , 0.        ,
       0.        , 0.        , 0.        , 0.        , 0.        ,
       0.        , 0.        , 0.        , 0.        , 0.        ,
       0.08576853, 0.        , 0.        , 0.        , 0.        ,
       0.        , 0.        , 0.        , 0.        , 0.        ,
       0.        , 0.        , 0.        , 0.        , 0.        ,
       0.        , 0.        , 0.        , 0.        , 0.        ,
       0.        , 0.        , 0.        , 0.        , 0.        ,
       0.        , 0.        , 0.        , 0.        , 0.        ,
       0.        ]) 
'bErrorParam' --> False 
'bErrorStr' --> '' 
------------ 
Trace Trace 
------------ 
'me' --> 'Trace' 
'vDefaultMapperMsg' --> 'Set year to:2025\nOverrule b (missing) \n' 
'strExecTasks' --> ['self.fM=1.0', 'self.fB=0.0'] 
------------ 
Trace GlobalParameter 
------------ 
'me' --> 'GlobalParameter' 
'iTech' --> 0.025 
'vTech' --> 0.9756097560975611 
't0' --> 2025 
'omega' --> 120 
'nCF' --> 100 
------------ 

 ****************************** 
Trace Input 
------------ 
'me' --> 'Input' 
'Tarif' --> 'MCAG' 
'Econ' --> 'iTech' 
'Demo' --> 'CH' 
'Param' --> {'fI': 0.025, 'Tariff': 'MCAG', 'Eco': 'iTech', 'g': '0', 'x': '20', 's': '110', 'fB': '0', 'fM': '1', 'g2': 1, 'deltaxy': -3, 'b': '20', 'fLevel': 1.0} 
'strInp' --> 'MCAG' 
------------ 
Trace Output 
------------ 
'me' --> 'Output' 
'strHelloQx' --> 'Hello QX' 
'dDK' --> array([0.        , 0.        , 0.        , 0.        , 0.        ,
       0.        , 0.        , 0.        , 0.        , 0.        ,
       0.        , 0.        , 0.        , 0.        , 0.        ,
       0.        , 0.        , 0.        , 0.        , 0.        ,
       0.00929352, 0.00952732, 0.00976713, 0.01001309, 0.01026539,
       0.0105242 , 0.01078971, 0.01106211, 0.01134159, 0.01162837,
       0.01192265, 0.01222467, 0.01253465, 0.01285284, 0.01317949,
       0.01351487, 0.01385926, 0.01421296, 0.01457626, 0.01494949,
       0.015333  , 0.01572713, 0.01613228, 0.01654885, 0.01697725,
       0.01741795, 0.01787142, 0.01833819, 0.01881879, 0.01931382,
       0.01982391, 0.02034973, 0.02089201, 0.02145154, 0.02202918,
       0.02262583, 0.02324249, 0.02388027, 0.02454032, 0.02522396,
       0.02593259, 0.02666776, 0.02743117, 0.0282247 , 0.02905041,
       0.0299106 , 0.03080778, 0.03174479, 0.03272473, 0.03375111,
       0.03482782, 0.03595922, 0.03715023, 0.03840635, 0.03973382,
       0.04113969, 0.04263195, 0.04421968, 0.04591326, 0.04772456,
       0.04966718, 0.05175682, 0.0540116 , 0.05645255, 0.05910414,
       0.06199498, 0.06515869, 0.0686349 , 0.07247057, 0.07672168,
       0.08145527, 0.08675208, 0.09271   , 0.09944847, 0.10711419,
       0.11588877, 0.12599872, 0.13772899, 0.15144125, 0.16759902,
       0.18680247, 0.2098373 , 0.23774443, 0.27192052, 0.31426562,
       0.36740317, 0.43501426, 0.52235484, 0.63707338, 0.79053264,
       0.        , 0.        , 0.        , 0.        , 0.        ,
       0.        , 0.        , 0.        , 0.        , 0.        ,
       0.        ]) 
'dDKPer' --> array([0.00929352, 0.00952732, 0.00976713, 0.01001309, 0.01026539,
       0.0105242 , 0.01078971, 0.01106211, 0.01134159, 0.01162837,
       0.01192265, 0.01222467, 0.01253465, 0.01285284, 0.01317949,
       0.01351487, 0.01385926, 0.01421296, 0.01457626, 0.01494949,
       0.015333  , 0.01572713, 0.01613228, 0.01654885, 0.01697725,
       0.01741795, 0.01787142, 0.01833819, 0.01881879, 0.01931382,
       0.01982391, 0.02034973, 0.02089201, 0.02145154, 0.02202918,
       0.02262583, 0.02324249, 0.02388027, 0.02454032, 0.02522396,
       0.02593259, 0.02666776, 0.02743117, 0.0282247 , 0.02905041,
       0.0299106 , 0.03080778, 0.03174479, 0.03272473, 0.03375111,
       0.03482782, 0.03595922, 0.03715023, 0.03840635, 0.03973382,
       0.04113969, 0.04263195, 0.04421968, 0.04591326, 0.04772456,
       0.04966718, 0.05175682, 0.0540116 , 0.05645255, 0.05910414,
       0.06199498, 0.06515869, 0.0686349 , 0.07247057, 0.07672168,
       0.08145527, 0.08675208, 0.09271   , 0.09944847, 0.10711419,
       0.11588877, 0.12599872, 0.13772899, 0.15144125, 0.16759902,
       0.18680247, 0.2098373 , 0.23774443, 0.27192052, 0.31426562,
       0.36740317, 0.43501426, 0.52235484, 0.63707338, 0.79053264,
       0.        , 0.        , 0.        , 0.        , 0.        ,
       0.        , 0.        , 0.        , 0.        , 0.        ,
       0.        , 0.        , 0.        , 0.        , 0.        ,
       0.        , 0.        , 0.        , 0.        , 0.        ,
       0.        , 0.        , 0.        , 0.        , 0.        ,
       0.        , 0.        , 0.        , 0.        , 0.        ,
       0.        ]) 
'dCF' --> array([0.        , 0.        , 0.        , 0.        , 0.        ,
       0.        , 0.        , 0.        , 0.        , 0.        ,
       0.        , 0.        , 0.        , 0.        , 0.        ,
       0.        , 0.        , 0.        , 0.        , 0.        ,
       0.        , 0.        , 0.        , 0.        , 0.        ,
       0.        , 0.        , 0.        , 0.        , 0.        ,
       0.        , 0.        , 0.        , 0.        , 0.        ,
       0.        , 0.        , 0.        , 0.        , 0.        ,
       0.        , 0.        , 0.        , 0.        , 0.        ,
       0.        , 0.        , 0.        , 0.        , 0.        ,
       0.        , 0.        , 0.        , 0.        , 0.        ,
       0.        , 0.        , 0.        , 0.        , 0.        ,
       0.        , 0.        , 0.        , 0.        , 0.        ,
       0.        , 0.        , 0.        , 0.        , 0.        ,
       0.        , 0.        , 0.        , 0.        , 0.        ,
       0.        , 0.        , 0.        , 0.        , 0.        ,
       0.        , 0.        , 0.        , 0.        , 0.        ,
       0.        , 0.        , 0.        , 0.        , 0.        ,
       0.08576853, 0.        , 0.        , 0.        , 0.        ,
       0.        , 0.        , 0.        , 0.        , 0.        ,
       0.        , 0.        , 0.        , 0.        , 0.        ,
       0.        , 0.        , 0.        , 0.        , 0.        ,
       0.        , 0.        , 0.        , 0.        , 0.        ,
       0.        , 0.        , 0.        , 0.        , 0.        ,
       0.        ]) 
'bErrorParam' --> False 
'bErrorStr' --> '' 
------------ 
Trace Trace 
------------ 
'me' --> 'Trace' 
'vDefaultMapperMsg' --> 'Set year to:2025\n' 
'strExecTasks' --> ['self.fM=1.0', 'self.iNrIncreases=0', 'self.alpha=0', 'self.fR=0', 'self.iExp=0', 'self.fB=0.0', 'self.iNrIncreases=0', 'self.alpha=0', 'self.fR=0', 'self.iExp=0'] 
------------ 
Trace GlobalParameter 
------------ 
'me' --> 'GlobalParameter' 
'iTech' --> 0.025 
'vTech' --> 0.9756097560975611 
't0' --> 2025 
'omega' --> 120 
'nCF' --> 100 
------------ 
